(grid_size, number of agents, a%) : [ penalty = sum(log(di)), salart = sum(log(hr_wage*8*6))]

(500, 500, 0):[0.0, 0.0]
(500, 500, 5):[88.14481972809337, 209.2752670309539]
(500, 500, 10):[213.95692711487027, 418.5505340619078]
(500, 500, 15):[352.16441784774486, 627.8258010928616]
(500, 500, 20):[498.103461266341, 837.1010681238156]
(500, 500, 25):[654.5150628631693, 1046.3763351547695]
(500, 500, 30):[815.1554598002194, 1255.6516021857233]
(500, 500, 35):[978.6129115279076, 1464.9268692166772]
(500, 500, 40):[1142.6302010003953, 1674.2021362476312]
(500, 500, 45):[1312.3407300848914, 1883.4774032785851]
(500, 500, 50):[1489.4658944299313, 2092.752670309539]
(500, 500, 55):[1664.6698993891252, 2302.027937340493]
(500, 500, 60):[1838.4266126463904, 2511.3032043714466]
(500, 500, 65):[2020.6503651708615, 2720.5784714024007]
(500, 500, 70):[2202.726743929805, 2929.8537384333545]
(500, 500, 75):[2385.4623451676025, 3139.129005464308]
(500, 500, 80):[2572.5554659778472, 3348.4042724952624]
(500, 500, 85):[2760.8292430731094, 3557.679539526216]
(500, 500, 90):[2944.4653449196476, 3766.9548065571703]
(500, 500, 95):[3139.6480646667515, 3976.230073588124]
(500, 500, 100):[3328.158314322815, 4185.505340619078]
(500, 1000, 0):[0.0, 0.0]
(500, 1000, 5):[216.32699004400789, 418.5505340619078]
(500, 1000, 10):[500.0460652398712, 837.1010681238156]
(500, 1000, 15):[817.0555375557186, 1255.6516021857233]
(500, 1000, 20):[1144.91282842753, 1674.2021362476312]
(500, 1000, 25):[1486.5065786718737, 2092.752670309539]
(500, 1000, 30):[1841.2387860967979, 2511.3032043714466]
(500, 1000, 35):[2205.255501654733, 2929.8537384333545]
(500, 1000, 40):[2572.6916176290497, 3348.4042724952624]
(500, 1000, 45):[2945.6655819053367, 3766.9548065571703]
(500, 1000, 50):[3325.7252240098196, 4185.505340619078]
(500, 1000, 55):[3715.4357434700164, 4604.055874680986]
(500, 1000, 60):[4102.577939041749, 5022.606408742893]
(500, 1000, 65):[4499.7620962145065, 5441.1569428048015]
(500, 1000, 70):[4896.324136488654, 5859.707476866709]
(500, 1000, 75):[5297.145174666632, 6278.258010928616]
(500, 1000, 80):[5703.542540153282, 6696.808544990525]
(500, 1000, 85):[6110.1084420344405, 7115.359079052432]
(500, 1000, 90):[6520.414609033305, 7533.909613114341]
(500, 1000, 95):[6933.825693908674, 7952.460147176248]
(500, 1000, 100):[7356.063769338507, 8371.010681238156]
